#size threads block_size3/3-Join
1 1250001 53853534.1 10000000 6676974
1 156251 90467670.7 10000000 6676974
1 46298 99436911.8 10000000 6676974
1 19533 103793387.5 10000000 6676974
1 10001 118268443.3 10000000 6676974
1 5789 124375246.9 10000000 6676974
1 3646 128428717.4 10000000 6676974
1 2443 131824750.8 10000000 6676974
1 1716 130359585.9 10000000 6676974
1 1251 152141787.7 10000000 6676974
1 941 152327418 10000000 6676974
1 725 149485849.4 10000000 6676974
1 570 155985239.2 10000000 6676974
1 457 202309091.2 10000000 6676974
1 372 198084326.5 10000000 6676974
1 307 204724781.6 10000000 6676974
1 256 197036811 10000000 6676974
1 216 212643310.6 10000000 6676974
1 184 207361912.9 10000000 6676974
1 158 368883367 10000000 6676974
1 136 366496679.8 10000000 6676974
1 119 373894477.9 10000000 6676974
1 104 378115627.4 10000000 6676974
2 1250001 38795492.1 10000000 6676974
2 156251 60353051.1 10000000 6676974
2 46298 71792470.8 10000000 6676974
2 19533 69533042 10000000 6676974
2 10001 76628798.2 10000000 6676974
2 5789 78341048.2 10000000 6676974
2 3646 79545954 10000000 6676974
2 2443 78969836.6 10000000 6676974
2 1716 76198226.4 10000000 6676974
2 1251 97419765.4 10000000 6676974
2 941 98724038.1 10000000 6676974
2 725 98119523.7 10000000 6676974
2 570 94543992.9 10000000 6676974
2 457 121529849.9 10000000 6676974
2 372 117529891.5 10000000 6676974
2 307 117610910.6 10000000 6676974
2 256 127836314.7 10000000 6676974
2 216 121291166.9 10000000 6676974
2 184 117189691.5 10000000 6676974
2 158 222849019.8 10000000 6676974
2 136 226902909.7 10000000 6676974
2 119 223010816.8 10000000 6676974
2 104 210879020.3 10000000 6676974
3 1250001 31393205.9 10000000 6676974
3 156251 47168212.8 10000000 6676974
3 46298 61804810 10000000 6676974
3 19533 56822105.7 10000000 6676974
3 10001 67595891.8 10000000 6676974
3 5789 63787112 10000000 6676974
3 3646 65798917.4 10000000 6676974
3 2443 64597895.2 10000000 6676974
3 1716 63551673.9 10000000 6676974
3 1251 80326368.4 10000000 6676974
3 941 79313311.3 10000000 6676974
3 725 79452906.2 10000000 6676974
3 570 75613826.6 10000000 6676974
3 457 92913586.3 10000000 6676974
3 372 93704474.9 10000000 6676974
3 307 90456537.5 10000000 6676974
3 256 91050878.2 10000000 6676974
3 216 93705478.4 10000000 6676974
3 184 94333169.5 10000000 6676974
3 158 164753954.9 10000000 6676974
3 136 162316487.6 10000000 6676974
3 119 171891137.6 10000000 6676974
3 104 162931170 10000000 6676974
4 1250001 31678035.2 10000000 6676974
4 156251 44414501.4 10000000 6676974
4 46298 57172281.8 10000000 6676974
4 19533 51134989.6 10000000 6676974
4 10001 60863976.3 10000000 6676974
4 5789 62032778.1 10000000 6676974
4 3646 57577595.5 10000000 6676974
4 2443 58657608.5 10000000 6676974
4 1716 59286678.8 10000000 6676974
4 1251 74876284.4 10000000 6676974
4 941 73751433.5 10000000 6676974
4 725 63747679.7 10000000 6676974
4 570 74891261.3 10000000 6676974
4 457 82197497.4 10000000 6676974
4 372 76131055.3 10000000 6676974
4 307 76556091 10000000 6676974
4 256 77850264.6 10000000 6676974
4 216 81057791.3 10000000 6676974
4 184 76275194.6 10000000 6676974
4 158 141703476.5 10000000 6676974
4 136 142388683.9 10000000 6676974
4 119 146758857 10000000 6676974
4 104 143003388 10000000 6676974
6 1250001 33692584 10000000 6676974
6 156251 40265608 10000000 6676974
6 46298 51293155.9 10000000 6676974
6 19533 47579984.4 10000000 6676974
6 10001 55942193.6 10000000 6676974
6 5789 57809821.3 10000000 6676974
6 3646 52434186.8 10000000 6676974
6 2443 51654175.4 10000000 6676974
6 1716 50950216.9 10000000 6676974
6 1251 65277473.8 10000000 6676974
6 941 61642956.4 10000000 6676974
6 725 60461863.7 10000000 6676974
6 570 62181702.6 10000000 6676974
6 457 65934879.3 10000000 6676974
6 372 65988137.8 10000000 6676974
6 307 72675799.4 10000000 6676974
6 256 65146554.1 10000000 6676974
6 216 66887988.1 10000000 6676974
6 184 65595703.5 10000000 6676974
6 158 110380742.6 10000000 6676974
6 136 113804728.5 10000000 6676974
6 119 115126224.5 10000000 6676974
6 104 119733025.5 10000000 6676974
8 1250001 33448601.8 10000000 6676974
8 156251 40859343.9 10000000 6676974
8 46298 49401978.8 10000000 6676974
8 19533 46682635.4 10000000 6676974
8 10001 54385750.2 10000000 6676974
8 5789 53246572.5 10000000 6676974
8 3646 46668586.6 10000000 6676974
8 2443 52407139.7 10000000 6676974
8 1716 47979932.5 10000000 6676974
8 1251 58697229.9 10000000 6676974
8 941 59088536.1 10000000 6676974
8 725 58557360.2 10000000 6676974
8 570 57994908.9 10000000 6676974
8 457 61604378.4 10000000 6676974
8 372 60470666.7 10000000 6676974
8 307 62135193.3 10000000 6676974
8 256 61746066 10000000 6676974
8 216 61111584.9 10000000 6676974
8 184 61858909.6 10000000 6676974
8 158 106240467.4 10000000 6676974
8 136 91774337.6 10000000 6676974
8 119 90579171.9 10000000 6676974
8 104 99419986.1 10000000 6676974
16 1250001 34012250.8 10000000 6676974
16 156251 42094600.1 10000000 6676974
16 46298 50639222.9 10000000 6676974
16 19533 43728134.4 10000000 6676974
16 10001 51950560.3 10000000 6676974
16 5789 50572090.5 10000000 6676974
16 3646 45764803 10000000 6676974
16 2443 46788691.7 10000000 6676974
16 1716 45602121 10000000 6676974
16 1251 54969097 10000000 6676974
16 941 57544214.2 10000000 6676974
16 725 55160465.7 10000000 6676974
16 570 59995052.2 10000000 6676974
16 457 54209332.2 10000000 6676974
16 372 50459398.4 10000000 6676974
16 307 54879961.5 10000000 6676974
16 256 54211033.8 10000000 6676974
16 216 56207572.2 10000000 6676974
16 184 56114577 10000000 6676974
16 158 86999701 10000000 6676974
16 136 82647893.2 10000000 6676974
16 119 78031713.5 10000000 6676974
16 104 82383019.3 10000000 6676974
32 1250001 35470107.6 10000000 6676974
32 156251 43196084.3 10000000 6676974
32 46298 51267566.2 10000000 6676974
32 19533 43655607.3 10000000 6676974
32 10001 53002159.3 10000000 6676974
32 5789 51334557.8 10000000 6676974
32 3646 44100574.2 10000000 6676974
32 2443 45793904.3 10000000 6676974
32 1716 45693179.7 10000000 6676974
32 1251 50199248.1 10000000 6676974
32 941 50298363.1 10000000 6676974
32 725 55332463.7 10000000 6676974
32 570 55318254.7 10000000 6676974
32 457 55580443.7 10000000 6676974
32 372 54645660.9 10000000 6676974
32 307 51010346.5 10000000 6676974
32 256 55546477.5 10000000 6676974
32 216 55091374.4 10000000 6676974
32 184 55306028.2 10000000 6676974
32 158 90267900.6 10000000 6676974
32 136 83861797.3 10000000 6676974
32 119 84332289 10000000 6676974
32 104 88504620.2 10000000 6676974
